2h8n_D  D  ALA  62   116.32  107.8  71.341   27.904  144.004  0.17   0.50   0      0
2h8n_D  D  GLU  63   109.60  63.6   116.819  57.724  254.965  2.02   3.63   4.59   4.50
2h8n_D  D  PRO  64   107.17  78.7   89.479   51.807  183.435  0.45   0.14   0      0
2h8n_D  D  ALA  65   63.80   59.1   89.482   62.221  116.106  0.17   0.50   0      0
2h8n_D  D  LEU  66   98.34   55.1   114.512  79.999  218.023  -0.56  -1.25  0      0
2h8n_D  D  ARG  67   161.59  67.7   126.872  64.227  352.906  0.81   1.81   12.40  12.50
2h8n_D  D  GLU  68   103.18  59.9   115.280  66.915  254.781  2.02   3.63   4.65   4.50
2h8n_D  D  GLN  69   92.06   51.6   118.764  79.488  259.142  0.58   0.77   0      0
2h8n_D  D  GLN  70   82.81   46.4   129.574  79.053  265.872  0.58   0.77   0      0
2h8n_D  D  LEU  71   113.97  63.8   111.984  67.764  222.309  -0.56  -1.25  0      0
2h8n_D  D  GLN  72   104.75  58.7   119.664  69.553  265.330  0.58   0.77   0      0
2h8n_D  D  GLN  73   99.85   55.9   117.199  74.275  255.726  0.58   0.77   0      0
2h8n_D  D  GLU  74   98.61   57.2   117.980  69.470  267.649  2.02   3.63   4.73   4.50
2h8n_D  D  LEU  75   123.59  69.2   101.863  65.134  226.720  -0.56  -1.25  0      0
2h8n_D  D  LEU  76   126.39  70.8   100.923  58.731  235.543  -0.56  -1.25  0      0
2h8n_D  D  ALA  77   57.71   53.5   91.492   67.133  109.931  0.17   0.50   0      0
2h8n_D  D  LEU  78   85.00   47.6   131.382  70.362  200.460  -0.56  -1.25  0      0
2h8n_D  D  LYS  79   132.23  65.8   108.122  67.509  283.804  0.99   2.80   10.41  10.50
2h8n_D  D  GLN  80   123.69  69.3   104.528  65.142  276.978  0.58   0.77   0      0
2h8n_D  D  LYS  81   118.99  59.3   123.859  67.534  263.993  0.99   2.80   10.28  10.50
2h8n_D  D  GLN  82   80.97   45.4   138.489  76.198  231.291  0.58   0.77   0      0
2h8n_D  D  GLN  83   95.79   53.7   122.898  72.289  249.071  0.58   0.77   0      0
2h8n_D  D  ILE  84   87.73   50.1   125.152  70.793  195.946  -0.31  -1.12  0      0
2h8n_D  D  GLN  85   83.56   46.8   130.722  81.269  249.710  0.58   0.77   0      0
2h8n_D  D  ARG  86   134.71  56.4   139.621  79.042  331.896  0.81   1.81   12.23  12.50
2h8n_D  D  GLN  87   92.82   52.0   122.305  77.028  255.961  0.58   0.77   0      0
2h8n_D  D  ILE  88   101.45  57.9   116.629  68.418  202.375  -0.31  -1.12  0      0
2h8n_D  D  LEU  89   99.54   55.7   118.441  68.848  207.965  -0.56  -1.25  0      0
2h8n_D  D  ILE  90   105.15  60.0   112.606  63.423  212.221  -0.31  -1.12  0      0
2h8n_D  D  ALA  91   58.65   54.3   90.774   67.295  107.685  0.17   0.50   0      0
2h8n_D  D  GLU  92   85.94   49.9   127.599  73.337  237.491  2.02   3.63   4.85   4.50
2h8n_D  D  PHE  93   125.93  63.1   123.331  64.586  345.124  -1.13  -1.71  0      0
2h8n_D  D  GLN  94   94.40   52.9   119.957  64.226  245.842  0.58   0.77   0      0
2h8n_D  D  ARG  95   139.45  58.4   131.249  68.594  336.303  0.81   1.81   12.33  12.50
2h8n_D  D  GLN  96   105.74  59.2   121.945  68.157  261.854  0.58   0.77   0      0
2h8n_D  D  HIS  97   98.93   54.1   127.997  67.622  278.461  0.96   2.33   6.41   6.50
2h8n_D  D  GLU  98   62.85   36.5   144.361  72.579  218.449  2.02   3.63   3.59   4.50
2h8n_D  D  GLN  99   88.41   49.5   130.935  70.722  255.234  0.58   0.77   0      0
2h8n_D  D  LEU  100  92.25   51.6   124.434  74.434  210.712  -0.56  -1.25  0      0
2h8n_D  D  SER  101  46.98   40.3   107.401  75.129  140.758  0.13   0.46   0      0
2h8n_D  D  ARG  102  149.00  62.4   130.537  69.173  330.918  0.81   1.81   13.46  12.50
2h8n_D  D  GLN  103  87.77   49.2   127.520  75.136  247.751  0.58   0.77   0      0
2h8n_D  D  HIS  104  95.16   52.0   131.544  72.571  269.484  0.96   2.33   6.21   6.50
2h8n_D  D  GLU  105  85.87   49.9   125.239  73.643  241.681  2.02   3.63   4.43   4.50
2h8n_D  D  ALA  106  57.86   53.6   88.020   70.294  111.797  0.17   0.50   0      0
2h8n_D  D  GLN  107  102.39  57.4   124.926  64.153  252.751  0.58   0.77   0      0
2h8n_D  D  LEU  108  122.93  68.8   104.522  63.329  220.827  -0.56  -1.25  0      0
2h8n_D  D  HIS  109  94.82   51.8   130.720  74.668  251.255  0.96   2.33   6.48   6.50
2h8n_D  D  GLU  110  92.92   53.9   121.533  66.728  262.531  2.02   3.63   4.64   4.50
2h8n_D  D  HIS  111  116.76  63.8   108.436  70.711  299.010  0.96   2.33   6.43   6.50
2h8n_D  D  ILE  112  105.58  60.3   111.939  69.846  213.741  -0.31  -1.12  0      0
2h8n_D  D  LYS  113  144.32  71.9   99.114   62.778  279.044  0.99   2.80   10.42  10.50
2h8n_D  D  GLN  114  97.39   54.6   124.235  70.096  256.165  0.58   0.77   0      0
2h8n_D  D  GLN  115  79.03   44.3   131.777  69.788  244.884  0.58   0.77   0      0
2h8n_D  D  GLN  116  117.42  65.8   111.780  67.215  258.513  0.58   0.77   0      0
2h8n_D  D  GLU  117  106.56  61.9   112.169  69.316  266.630  2.02   3.63   4.66   4.50
2h8n_D  D  MET  118  109.93  56.6   120.914  64.496  227.786  -0.23  -0.67  0      0
2h8n_D  D  LEU  119  91.84   51.4   131.662  67.516  202.234  -0.56  -1.25  0      0
2h8n_D  D  ALA  120  28.08   26.0   102.306  87.840  83.673   0.17   0.50   0      0
2h8n_D  D  MET  121  120.07  61.8   115.309  67.147  227.353  -0.23  -0.67  0      0
2h8n_D  D  LYS  122  105.22  52.4   117.654  74.696  267.386  0.99   2.80   10.35  10.50
2h8n_D  D  HIS  123  108.74  59.5   131.512  64.304  240.144  0.96   2.33   6.41   6.50
2h8n_D  D  GLN  124  112.73  63.2   121.515  57.657  253.239  0.58   0.77   0      0
2h8n_D  D  GLN  125  73.89   41.4   137.865  78.749  231.269  0.58   0.77   0      0
2h8n_D  D  GLU  126  79.90   46.4   131.949  67.750  232.938  2.02   3.63   4.75   4.50
2h8n_D  D  LEU  127  145.17  81.3   89.613   54.333  245.327  -0.56  -1.25  0      0
2h8n_D  D  LEU  128  153.15  85.7   93.434   43.994  231.465  -0.56  -1.25  0      0
2h8n_D  D  GLU  129  138.06  80.1   111.481  36.890  256.176  2.02   3.63   4.87   4.50
