2h8n_A  A  ALA  62   119.34  110.6  70.155   27.125  145.214  0.17   0.50   0      0
2h8n_A  A  GLU  63   109.72  63.7   117.230  59.471  256.862  2.02   3.63   4.59   4.50
2h8n_A  A  PRO  64   103.79  76.2   89.586   54.843  183.254  0.45   0.14   0      0
2h8n_A  A  ALA  65   63.15   58.5   89.188   63.941  116.077  0.17   0.50   0      0
2h8n_A  A  LEU  66   94.26   52.8   124.100  73.560  215.892  -0.56  -1.25  0      0
2h8n_A  A  ARG  67   150.85  63.2   127.522  63.667  344.100  0.81   1.81   12.39  12.50
2h8n_A  A  GLU  68   111.88  65.0   108.580  65.256  267.649  2.02   3.63   4.63   4.50
2h8n_A  A  GLN  69   95.23   53.3   126.336  71.635  256.039  0.58   0.77   0      0
2h8n_A  A  GLN  70   84.38   47.3   128.420  77.145  262.621  0.58   0.77   0      0
2h8n_A  A  LEU  71   115.44  64.6   112.367  64.824  221.860  -0.56  -1.25  0      0
2h8n_A  A  GLN  72   105.77  59.3   118.996  66.655  268.867  0.58   0.77   0      0
2h8n_A  A  GLN  73   101.84  57.1   116.016  75.231  260.691  0.58   0.77   0      0
2h8n_A  A  GLU  74   97.72   56.7   119.383  73.573  261.535  2.02   3.63   4.74   4.50
2h8n_A  A  LEU  75   128.40  71.9   91.908   70.395  228.767  -0.56  -1.25  0      0
2h8n_A  A  LEU  76   125.17  70.1   100.280  60.508  237.284  -0.56  -1.25  0      0
2h8n_A  A  ALA  77   56.39   52.2   91.349   68.350  108.480  0.17   0.50   0      0
2h8n_A  A  LEU  78   85.40   47.8   123.567  77.675  204.243  -0.56  -1.25  0      0
2h8n_A  A  LYS  79   131.85  65.7   109.821  62.253  266.123  0.99   2.80   10.40  10.50
2h8n_A  A  GLN  80   124.01  69.5   98.151   69.815  279.904  0.58   0.77   0      0
2h8n_A  A  LYS  81   119.12  59.3   125.069  68.371  262.755  0.99   2.80   10.27  10.50
2h8n_A  A  GLN  82   80.25   45.0   137.106  76.806  230.747  0.58   0.77   0      0
2h8n_A  A  GLN  83   99.93   56.0   121.757  70.422  248.541  0.58   0.77   0      0
2h8n_A  A  ILE  84   89.82   51.3   117.633  75.548  200.356  -0.31  -1.12  0      0
2h8n_A  A  GLN  85   78.37   43.9   132.679  84.155  243.435  0.58   0.77   0      0
2h8n_A  A  ARG  86   133.55  55.9   139.234  78.638  329.683  0.81   1.81   12.21  12.50
2h8n_A  A  GLN  87   91.04   51.0   122.634  80.082  255.215  0.58   0.77   0      0
2h8n_A  A  ILE  88   96.75   55.2   119.066  71.320  197.236  -0.31  -1.12  0      0
2h8n_A  A  LEU  89   103.43  57.9   116.010  65.671  208.233  -0.56  -1.25  0      0
2h8n_A  A  ILE  90   109.56  62.6   110.340  60.222  213.659  -0.31  -1.12  0      0
2h8n_A  A  ALA  91   58.18   53.9   90.728   67.819  106.721  0.17   0.50   0      0
2h8n_A  A  GLU  92   82.34   47.8   129.440  76.700  232.471  2.02   3.63   4.86   4.50
2h8n_A  A  PHE  93   125.15  62.7   122.863  65.214  344.958  -1.13  -1.71  0      0
2h8n_A  A  GLN  94   98.17   55.0   118.504  60.561  250.920  0.58   0.77   0      0
2h8n_A  A  ARG  95   144.84  60.7   129.085  66.043  341.005  0.81   1.81   12.35  12.50
2h8n_A  A  GLN  96   103.69  58.1   122.888  70.674  262.721  0.58   0.77   0      0
2h8n_A  A  HIS  97   98.96   54.1   128.586  65.223  278.788  0.96   2.33   6.42   6.50
2h8n_A  A  GLU  98   59.87   34.8   145.937  72.404  222.513  2.02   3.63   4.37   4.50
2h8n_A  A  GLN  99   86.26   48.3   132.843  72.704  255.666  0.58   0.77   0      0
2h8n_A  A  LEU  100  93.63   52.4   124.889  71.066  205.777  -0.56  -1.25  0      0
2h8n_A  A  SER  101  45.89   39.4   107.153  74.186  142.740  0.13   0.46   0      0
2h8n_A  A  ARG  102  150.95  63.2   131.341  66.905  328.571  0.81   1.81   12.75  12.50
2h8n_A  A  GLN  103  91.83   51.4   125.971  76.301  248.380  0.58   0.77   0      0
2h8n_A  A  HIS  104  91.11   49.8   133.866  72.548  265.469  0.96   2.33   6.20   6.50
2h8n_A  A  GLU  105  83.87   48.7   129.316  69.672  219.875  2.02   3.63   4.29   4.50
2h8n_A  A  ALA  106  56.58   52.4   87.973   72.242  107.385  0.17   0.50   0      0
2h8n_A  A  GLN  107  100.72  56.4   123.675  66.125  251.769  0.58   0.77   0      0
2h8n_A  A  LEU  108  124.21  69.5   103.426  64.406  224.200  -0.56  -1.25  0      0
2h8n_A  A  HIS  109  96.90   53.0   129.869  75.189  258.967  0.96   2.33   6.56   6.50
2h8n_A  A  GLU  110  94.89   55.1   120.600  67.122  258.333  2.02   3.63   4.64   4.50
2h8n_A  A  HIS  111  111.90  61.2   112.755  73.094  291.488  0.96   2.33   6.44   6.50
2h8n_A  A  ILE  112  108.24  61.8   109.894  68.916  218.398  -0.31  -1.12  0      0
2h8n_A  A  LYS  113  145.17  72.3   97.800   63.821  279.584  0.99   2.80   10.42  10.50
2h8n_A  A  GLN  114  101.07  56.6   122.569  67.658  260.959  0.58   0.77   0      0
2h8n_A  A  GLN  115  79.01   44.3   132.317  69.751  249.426  0.58   0.77   0      0
2h8n_A  A  GLN  116  117.67  65.9   111.960  67.431  260.600  0.58   0.77   0      0
2h8n_A  A  GLU  117  103.43  60.0   114.063  68.255  269.158  2.02   3.63   4.66   4.50
2h8n_A  A  MET  118  106.11  54.7   124.504  65.901  226.393  -0.23  -0.67  0      0
2h8n_A  A  LEU  119  97.30   54.5   129.410  65.616  207.096  -0.56  -1.25  0      0
2h8n_A  A  ALA  120  29.70   27.5   101.701  85.820  86.642   0.17   0.50   0      0
2h8n_A  A  MET  121  125.42  64.6   113.617  62.107  233.970  -0.23  -0.67  0      0
2h8n_A  A  LYS  122  128.68  64.1   112.517  66.090  272.131  0.99   2.80   10.40  10.50
2h8n_A  A  HIS  123  120.45  65.9   117.339  64.954  280.391  0.96   2.33   6.30   6.50
2h8n_A  A  GLN  124  108.29  60.7   124.812  59.607  254.622  0.58   0.77   0      0
2h8n_A  A  GLN  125  81.84   45.8   134.689  75.926  235.326  0.58   0.77   0      0
2h8n_A  A  GLU  126  79.66   46.2   130.435  70.264  229.795  2.02   3.63   4.74   4.50
2h8n_A  A  LEU  127  151.77  85.0   92.563   43.757  247.840  -0.56  -1.25  0      0
2h8n_A  A  LEU  128  148.70  83.2   97.245   43.595  227.100  -0.56  -1.25  0      0
2h8n_A  A  GLU  129  139.94  81.2   110.803  36.670  258.085  2.02   3.63   4.84   4.50
