2h8n_C  C  ALA  62   114.99  106.5  72.334   28.540  145.011  0.17   0.50   0      0
2h8n_C  C  GLU  63   111.08  64.5   114.885  60.113  259.091  2.02   3.63   4.58   4.50
2h8n_C  C  PRO  64   108.84  80.0   87.522   50.824  186.173  0.45   0.14   0      0
2h8n_C  C  ALA  65   59.61   55.2   91.514   65.129  115.015  0.17   0.50   0      0
2h8n_C  C  LEU  66   98.88   55.4   121.717  72.494  218.727  -0.56  -1.25  0      0
2h8n_C  C  ARG  67   153.25  64.2   127.796  64.931  338.221  0.81   1.81   12.39  12.50
2h8n_C  C  GLU  68   106.77  62.0   105.093  73.835  258.347  2.02   3.63   4.64   4.50
2h8n_C  C  GLN  69   96.50   54.1   123.429  69.499  260.389  0.58   0.77   0      0
2h8n_C  C  GLN  70   79.00   44.3   129.513  80.461  263.292  0.58   0.77   0      0
2h8n_C  C  LEU  71   114.92  64.3   100.780  79.225  219.589  -0.56  -1.25  0      0
2h8n_C  C  GLN  72   103.69  58.1   117.454  72.584  267.507  0.58   0.77   0      0
2h8n_C  C  GLN  73   104.97  58.8   114.951  71.485  261.098  0.58   0.77   0      0
2h8n_C  C  GLU  74   99.08   57.5   107.284  82.514  267.887  2.02   3.63   4.74   4.50
2h8n_C  C  LEU  75   122.61  68.6   102.364  67.082  222.078  -0.56  -1.25  0      0
2h8n_C  C  LEU  76   119.95  67.1   102.724  60.137  234.386  -0.56  -1.25  0      0
2h8n_C  C  ALA  77   54.78   50.7   93.705   67.015  107.533  0.17   0.50   0      0
2h8n_C  C  LEU  78   83.52   46.8   133.035  72.363  198.318  -0.56  -1.25  0      0
2h8n_C  C  LYS  79   125.62  62.6   113.504  65.006  265.974  0.99   2.80   10.39  10.50
2h8n_C  C  GLN  80   118.54  66.4   107.824  66.420  272.826  0.58   0.77   0      0
2h8n_C  C  LYS  81   116.25  57.9   125.073  72.306  262.548  0.99   2.80   10.27  10.50
2h8n_C  C  GLN  82   78.00   43.7   138.484  78.961  229.032  0.58   0.77   0      0
2h8n_C  C  GLN  83   94.90   53.2   126.074  70.148  248.444  0.58   0.77   0      0
2h8n_C  C  ILE  84   86.40   49.3   126.153  70.636  197.381  -0.31  -1.12  0      0
2h8n_C  C  GLN  85   81.11   45.4   132.124  81.851  243.714  0.58   0.77   0      0
2h8n_C  C  ARG  86   136.60  57.2   134.965  83.515  330.988  0.81   1.81   12.22  12.50
2h8n_C  C  GLN  87   94.33   52.8   121.873  76.838  262.021  0.58   0.77   0      0
2h8n_C  C  ILE  88   98.91   56.5   117.691  71.047  200.513  -0.31  -1.12  0      0
2h8n_C  C  LEU  89   105.02  58.8   113.428  69.644  207.971  -0.56  -1.25  0      0
2h8n_C  C  ILE  90   108.17  61.8   111.498  60.722  211.728  -0.31  -1.12  0      0
2h8n_C  C  ALA  91   60.52   56.1   90.906   65.767  107.900  0.17   0.50   0      0
2h8n_C  C  GLU  92   87.23   50.6   126.979  74.435  233.970  2.02   3.63   4.84   4.50
2h8n_C  C  PHE  93   122.22  61.3   126.350  66.713  338.804  -1.13  -1.71  0      0
2h8n_C  C  GLN  94   92.60   51.9   121.253  64.269  245.256  0.58   0.77   0      0
2h8n_C  C  ARG  95   142.07  59.5   129.425  67.306  336.625  0.81   1.81   12.33  12.50
2h8n_C  C  GLN  96   104.68  58.6   121.976  67.544  258.897  0.58   0.77   0      0
2h8n_C  C  HIS  97   100.92  55.2   127.799  65.477  281.130  0.96   2.33   6.41   6.50
2h8n_C  C  GLU  98   60.98   35.4   144.558  70.634  226.739  2.02   3.63   3.58   4.50
2h8n_C  C  GLN  99   86.22   48.3   133.241  73.084  254.954  0.58   0.77   0      0
2h8n_C  C  LEU  100  92.14   51.6   126.155  73.101  201.118  -0.56  -1.25  0      0
2h8n_C  C  SER  101  46.26   39.7   107.417  74.271  145.004  0.13   0.46   0      0
2h8n_C  C  ARG  102  152.66  63.9   129.785  67.024  334.352  0.81   1.81   13.45  12.50
2h8n_C  C  GLN  103  88.94   49.8   127.524  75.207  246.682  0.58   0.77   0      0
2h8n_C  C  HIS  104  88.15   48.2   135.240  74.207  262.827  0.96   2.33   6.17   6.50
2h8n_C  C  GLU  105  85.86   49.8   123.517  74.604  246.468  2.02   3.63   4.43   4.50
2h8n_C  C  ALA  106  60.45   56.0   87.070   68.381  112.039  0.17   0.50   0      0
2h8n_C  C  GLN  107  98.65   55.3   124.893  68.036  247.429  0.58   0.77   0      0
2h8n_C  C  LEU  108  123.24  69.0   105.239  65.086  220.723  -0.56  -1.25  0      0
2h8n_C  C  HIS  109  98.08   53.6   130.889  74.574  253.166  0.96   2.33   6.49   6.50
2h8n_C  C  GLU  110  94.92   55.1   120.492  67.220  260.713  2.02   3.63   4.64   4.50
2h8n_C  C  HIS  111  111.74  61.1   113.463  73.142  289.492  0.96   2.33   6.36   6.50
2h8n_C  C  ILE  112  103.84  59.3   113.101  70.153  216.118  -0.31  -1.12  0      0
2h8n_C  C  LYS  113  137.45  68.4   104.548  65.836  291.873  0.99   2.80   10.41  10.50
2h8n_C  C  GLN  114  103.69  58.1   117.655  70.094  263.255  0.58   0.77   0      0
2h8n_C  C  GLN  115  85.32   47.8   128.894  66.225  258.611  0.58   0.77   0      0
2h8n_C  C  GLN  116  114.45  64.1   113.059  67.071  258.571  0.58   0.77   0      0
2h8n_C  C  GLU  117  106.67  61.9   114.614  65.540  275.270  2.02   3.63   4.66   4.50
2h8n_C  C  MET  118  106.70  55.0   124.853  64.708  226.213  -0.23  -0.67  0      0
2h8n_C  C  LEU  119  94.05   52.7   128.398  70.039  205.732  -0.56  -1.25  0      0
2h8n_C  C  ALA  120  27.41   25.4   106.377  83.826  85.990   0.17   0.50   0      0
2h8n_C  C  MET  121  134.10  69.1   105.207  61.838  209.635  -0.23  -0.67  0      0
2h8n_C  C  LYS  122  113.11  56.3   128.085  69.332  271.821  0.99   2.80   10.38  10.50
2h8n_C  C  HIS  123  124.02  67.8   113.350  66.430  222.141  0.96   2.33   6.34   6.50
2h8n_C  C  GLN  124  114.13  63.9   119.468  58.691  263.432  0.58   0.77   0      0
2h8n_C  C  GLN  125  61.74   34.6   137.017  81.505  224.526  0.58   0.77   0      0
2h8n_C  C  GLU  126  93.06   54.0   121.824  69.436  248.908  2.02   3.63   4.68   4.50
2h8n_C  C  LEU  127  150.01  84.0   91.931   51.741  244.180  -0.56  -1.25  0      0
2h8n_C  C  LEU  128  147.63  82.6   95.521   48.665  232.825  -0.56  -1.25  0      0
2h8n_C  C  GLU  129  151.66  88.0   100.499  33.962  279.478  2.02   3.63   4.80   4.50
