2h8n_B  B  ALA  62   115.26  106.8  72.701   28.733  141.806  0.17   0.50   0      0
2h8n_B  B  GLU  63   115.33  67.0   113.200  59.161  259.256  2.02   3.63   4.58   4.50
2h8n_B  B  PRO  64   108.81  79.9   88.094   50.934  182.541  0.45   0.14   0      0
2h8n_B  B  ALA  65   61.62   57.1   91.110   63.669  114.785  0.17   0.50   0      0
2h8n_B  B  LEU  66   98.65   55.2   122.550  71.855  220.010  -0.56  -1.25  0      0
2h8n_B  B  ARG  67   155.85  65.3   128.745  64.721  344.504  0.81   1.81   12.39  12.50
2h8n_B  B  GLU  68   105.77  61.4   114.190  64.463  254.641  2.02   3.63   4.65   4.50
2h8n_B  B  GLN  69   96.33   54.0   124.187  71.548  258.918  0.58   0.77   0      0
2h8n_B  B  GLN  70   76.36   42.8   132.970  76.852  262.032  0.58   0.77   0      0
2h8n_B  B  LEU  71   118.36  66.3   111.263  64.883  224.520  -0.56  -1.25  0      0
2h8n_B  B  GLN  72   96.54   54.1   123.230  73.625  257.663  0.58   0.77   0      0
2h8n_B  B  GLN  73   100.69  56.4   118.671  72.493  259.064  0.58   0.77   0      0
2h8n_B  B  GLU  74   100.84  58.5   116.868  70.400  271.046  2.02   3.63   4.70   4.50
2h8n_B  B  LEU  75   120.14  67.3   92.535   77.171  225.385  -0.56  -1.25  0      0
2h8n_B  B  LEU  76   127.29  71.3   107.540  59.726  232.343  -0.56  -1.25  0      0
2h8n_B  B  ALA  77   57.73   53.5   91.973   67.264  110.360  0.17   0.50   0      0
2h8n_B  B  LEU  78   87.15   48.8   113.865  88.214  200.706  -0.56  -1.25  0      0
2h8n_B  B  LYS  79   134.47  67.0   108.689  65.640  283.363  0.99   2.80   10.40  10.50
2h8n_B  B  GLN  80   126.98  71.1   102.527  65.384  278.704  0.58   0.77   0      0
2h8n_B  B  LYS  81   123.49  61.5   114.503  74.961  248.853  0.99   2.80   10.31  10.50
2h8n_B  B  GLN  82   79.88   44.7   140.020  79.061  226.385  0.58   0.77   0      0
2h8n_B  B  GLN  83   99.04   55.5   122.999  71.080  250.565  0.58   0.77   0      0
2h8n_B  B  ILE  84   84.81   48.4   127.093  70.997  196.209  -0.31  -1.12  0      0
2h8n_B  B  GLN  85   80.73   45.2   132.082  82.246  243.864  0.58   0.77   0      0
2h8n_B  B  ARG  86   135.45  56.7   132.999  85.467  327.906  0.81   1.81   12.21  12.50
2h8n_B  B  GLN  87   90.64   50.8   122.065  81.328  256.687  0.58   0.77   0      0
2h8n_B  B  ILE  88   98.05   56.0   118.583  70.901  199.610  -0.31  -1.12  0      0
2h8n_B  B  LEU  89   107.04  59.9   112.380  71.088  212.440  -0.56  -1.25  0      0
2h8n_B  B  ILE  90   109.54  62.5   110.829  61.312  212.330  -0.31  -1.12  0      0
2h8n_B  B  ALA  91   56.20   52.1   91.106   69.264  107.947  0.17   0.50   0      0
2h8n_B  B  GLU  92   86.51   50.2   126.793  74.796  237.520  2.02   3.63   4.82   4.50
2h8n_B  B  PHE  93   126.80  63.6   122.309  63.913  344.328  -1.13  -1.71  0      0
2h8n_B  B  GLN  94   95.76   53.6   120.646  62.165  243.201  0.58   0.77   0      0
2h8n_B  B  ARG  95   137.21  57.5   132.084  70.471  334.546  0.81   1.81   12.32  12.50
2h8n_B  B  GLN  96   104.40  58.5   121.478  69.866  262.644  0.58   0.77   0      0
2h8n_B  B  HIS  97   100.57  55.0   126.587  67.564  278.762  0.96   2.33   6.41   6.50
2h8n_B  B  GLU  98   62.68   36.4   142.391  74.304  222.884  2.02   3.63   3.55   4.50
2h8n_B  B  GLN  99   87.38   49.0   132.423  73.404  253.381  0.58   0.77   0      0
2h8n_B  B  LEU  100  91.27   51.1   127.161  71.460  202.294  -0.56  -1.25  0      0
2h8n_B  B  SER  101  42.18   36.2   109.057  76.965  143.826  0.13   0.46   0      0
2h8n_B  B  ARG  102  151.06  63.3   132.089  68.809  328.520  0.81   1.81   13.50  12.50
2h8n_B  B  GLN  103  89.06   49.9   126.915  75.056  247.528  0.58   0.77   0      0
2h8n_B  B  HIS  104  88.64   48.5   136.234  75.827  265.003  0.96   2.33   6.19   6.50
2h8n_B  B  GLU  105  83.39   48.4   125.739  75.295  244.412  2.02   3.63   4.47   4.50
2h8n_B  B  ALA  106  57.99   53.7   88.350   70.099  112.324  0.17   0.50   0      0
2h8n_B  B  GLN  107  97.19   54.5   126.080  68.242  247.247  0.58   0.77   0      0
2h8n_B  B  LEU  108  119.84  67.1   105.677  66.206  219.362  -0.56  -1.25  0      0
2h8n_B  B  HIS  109  99.26   54.3   129.492  73.578  252.340  0.96   2.33   6.47   6.50
2h8n_B  B  GLU  110  95.14   55.2   120.097  66.825  266.023  2.02   3.63   4.64   4.50
2h8n_B  B  HIS  111  112.49  61.5   97.048   87.810  289.696  0.96   2.33   6.39   6.50
2h8n_B  B  ILE  112  101.07  57.7   109.765  75.736  215.229  -0.31  -1.12  0      0
2h8n_B  B  LYS  113  141.96  70.7   100.381  64.107  296.903  0.99   2.80   10.41  10.50
2h8n_B  B  GLN  114  101.26  56.7   119.763  69.613  262.510  0.58   0.77   0      0
2h8n_B  B  GLN  115  86.22   48.3   121.909  72.104  258.125  0.58   0.77   0      0
2h8n_B  B  GLN  116  117.13  65.6   108.805  70.075  262.133  0.58   0.77   0      0
2h8n_B  B  GLU  117  103.75  60.2   115.631  66.929  266.184  2.02   3.63   4.67   4.50
2h8n_B  B  MET  118  109.48  56.4   124.981  62.502  226.407  -0.23  -0.67  0      0
2h8n_B  B  LEU  119  89.85   50.3   131.066  71.520  202.706  -0.56  -1.25  0      0
2h8n_B  B  ALA  120  26.67   24.7   103.401  87.550  82.590   0.17   0.50   0      0
2h8n_B  B  MET  121  124.24  64.0   115.637  62.307  232.492  -0.23  -0.67  0      0
2h8n_B  B  LYS  122  120.03  59.8   120.208  70.270  257.713  0.99   2.80   10.38  10.50
2h8n_B  B  HIS  123  124.51  68.1   110.777  68.132  286.735  0.96   2.33   6.31   6.50
2h8n_B  B  GLN  124  112.55  63.1   123.375  56.877  251.130  0.58   0.77   0      0
2h8n_B  B  GLN  125  75.61   42.4   140.354  73.579  240.526  0.58   0.77   0      0
2h8n_B  B  GLU  126  72.06   41.8   134.246  72.358  220.744  2.02   3.63   5.19   4.50
2h8n_B  B  LEU  127  154.78  86.6   90.180   42.806  249.263  -0.56  -1.25  0      0
2h8n_B  B  LEU  128  148.45  83.1   94.986   48.584  232.415  -0.56  -1.25  0      0
2h8n_B  B  GLU  129  143.49  83.3   109.387  33.555  264.629  2.02   3.63   4.40   4.50
