REM  Relative accessibilites read from external file "standard.data"
REM  File of summed (Sum) and % (per.) accessibilities for 
REM RES _ NUM      All-atoms   Total-Side   Main-Chain    Non-polar    All polar
REM                ABS   REL    ABS   REL    ABS   REL    ABS   REL    ABS   REL
RES GLN C   8   170.95  95.8  97.32  69.0  73.64 196.3  47.99  91.9 122.96  97.4
RES VAL C   9    65.51  43.3  65.10  57.0   0.42   1.1  65.10  56.4   0.42   1.2
RES GLN C  10    84.95  47.6  65.14  46.2  19.82  52.8  16.92  32.4  68.03  53.9
RES PHE C  11    23.68  11.9  23.68  14.4   0.00   0.0  23.68  14.3   0.00   0.0
RES LYS C  12    26.25  13.1  23.20  14.2   3.05   8.1  21.11  18.1   5.13   6.1
RES LEU C  13     0.00   0.0   0.00   0.0   0.00   0.0   0.00   0.0   0.00   0.0
RES VAL C  14     0.00   0.0   0.00   0.0   0.00   0.0   0.00   0.0   0.00   0.0
RES LEU C  15     0.00   0.0   0.00   0.0   0.00   0.0   0.00   0.0   0.00   0.0
RES VAL C  16     0.19   0.1   0.19   0.2   0.00   0.0   0.19   0.2   0.00   0.0
RES GLY C  17     0.29   0.4   0.00   0.0   0.29   0.6   0.00   0.0   0.29   0.7
RES ASP C  18    23.05  16.4  23.03  22.4   0.01   0.0  11.60  23.6  11.45  12.6
RES GLY C  19    30.80  38.4   3.57  11.0  27.23  57.0   7.99  21.3  22.81  53.6
RES GLY C  20    57.93  72.3  40.90 126.5  17.03  35.6  43.16 114.9  14.77  34.7
RES THR C  21     0.37   0.3   0.00   0.0   0.37   1.0   0.00   0.0   0.37   0.6
RES GLY C  22    13.27  16.6  12.36  38.2   0.91   1.9  12.36  32.9   0.91   2.1
RES LYS C  23     8.29   4.1   5.28   3.2   3.01   8.0   2.28   2.0   6.01   7.1
RES THR C  24    60.39  43.4  57.04  56.1   3.34   8.9  45.95  60.7  14.43  22.7
RES THR C  25    45.38  32.6  44.46  43.7   0.92   2.4  15.92  21.0  29.45  46.3
RES PHE C  26     1.73   0.9   1.73   1.1   0.00   0.0   1.73   1.0   0.00   0.0
RES VAL C  27     0.00   0.0   0.00   0.0   0.00   0.0   0.00   0.0   0.00   0.0
RES LYS C  28    62.24  31.0  58.95  36.1   3.28   8.8  34.05  29.2  28.18  33.5
RES ARG C  29     8.99   3.8   8.99   4.5   0.00   0.0   0.44   0.6   8.55   5.3
RES HIS C  30     1.89   1.0   1.89   1.3   0.00   0.0   1.73   1.8   0.16   0.2
RES LEU C  31    83.19  46.6  77.89  55.2   5.30  14.1  79.33  55.7   3.86  10.6
RES THR C  32    65.11  46.8  64.70  63.6   0.41   1.1  31.10  41.1  34.01  53.5
RES GLY C  33     0.00   0.0   0.00   0.0   0.00   0.0   0.00   0.0   0.00   0.0
RES GLU C  34    47.17  27.4  45.25  33.6   1.91   5.1  24.52  40.7  22.64  20.2
RES PHE C  35   182.27  91.4 161.23  98.2  21.04  59.5 161.28  97.6  20.99  61.3
RES GLU C  36    97.84  56.8  83.66  62.1  14.18  37.8  36.45  60.5  61.39  54.8
RES LYS C  37    65.00  32.4  43.04  26.4  21.95  58.5  31.59  27.1  33.41  39.7
RES LYS C  38   134.92  67.2 134.90  82.6   0.02   0.1  91.47  78.5  43.46  51.6
RES TYR C  39   118.54  55.7  98.94  55.8  19.60  55.4  74.00  54.2  44.54  58.4
RES VAL C  40    41.42  27.4  41.42  36.2   0.00   0.0  41.42  35.9   0.00   0.0
RES ALA C  41    73.89  68.4  53.26  76.7  20.62  53.5  55.68  78.0  18.20  49.8
RES THR C  42   133.49  95.9 103.45 101.7  30.04  80.0  91.82 121.3  41.67  65.6
RES LEU C  43    72.54  40.6  62.42  44.2  10.12  27.0  65.36  45.9   7.19  19.8
RES GLY C  44    12.29  15.3  11.90  36.8   0.39   0.8  11.90  31.7   0.39   0.9
RES VAL C  45     0.10   0.1   0.10   0.1   0.00   0.0   0.10   0.1   0.00   0.0
RES GLU C  46    39.28  22.8  39.06  29.0   0.22   0.6   8.54  14.2  30.74  27.5
RES VAL C  47    26.06  17.2  25.45  22.3   0.62   1.7  25.45  22.0   0.62   1.7
RES HIS C  48     0.00   0.0   0.00   0.0   0.00   0.0   0.00   0.0   0.00   0.0
RES PRO C  49    19.76  14.5  18.27  15.2   1.48   9.1  18.27  15.1   1.48   9.8
RES LEU C  50     0.00   0.0   0.00   0.0   0.00   0.0   0.00   0.0   0.00   0.0
RES VAL C  51    41.07  27.1  37.73  33.0   3.34   9.0  37.73  32.7   3.34   9.3
RES PHE C  52     0.76   0.4   0.76   0.5   0.00   0.0   0.76   0.5   0.00   0.0
RES HIS C  53    97.47  53.3  97.20  66.1   0.26   0.7  60.42  62.2  37.05  43.2
RES THR C  54     6.10   4.4   0.00   0.0   6.10  16.2   0.00   0.0   6.10   9.6
RES ASN C  55    72.56  50.4  43.39  40.8  29.17  77.4  24.51  53.0  48.05  49.2
RES ARG C  56   155.53  65.1 129.05  64.1  26.48  70.6  40.02  51.4 115.51  71.8
RES GLY C  57    27.32  34.1  23.19  71.7   4.13   8.6  23.89  63.6   3.43   8.1
RES PRO C  58    83.57  61.4  78.72  65.7   4.84  29.8  79.75  65.9   3.82  25.2
RES ILE C  59     4.89   2.8   4.32   3.1   0.56   1.5   4.89   3.5   0.00   0.0
RES LYS C  60    31.65  15.8  31.46  19.3   0.19   0.5  12.72  10.9  18.93  22.5
RES PHE C  61     0.03   0.0   0.03   0.0   0.00   0.0   0.03   0.0   0.00   0.0
RES ASN C  62    26.54  18.4  26.54  25.0   0.00   0.0   8.88  19.2  17.66  18.1
RES VAL C  63     0.00   0.0   0.00   0.0   0.00   0.0   0.00   0.0   0.00   0.0
RES TRP C  64    36.04  14.5  36.04  17.1   0.00   0.0  30.59  16.1   5.45   9.1
RES ASP C  65     1.75   1.2   1.75   1.7   0.00   0.0   0.00   0.0   1.75   1.9
RES THR C  66    13.52   9.7   3.33   3.3  10.19  27.1   0.40   0.5  13.13  20.7
RES ALA C  67    59.89  55.5  28.49  41.0  31.40  81.5  33.26  46.6  26.63  72.8
RES GLY C  68    20.26  25.3  15.70  48.6   4.56   9.6  19.38  51.6   0.89   2.1
RES GLN C  69    49.25  27.6  47.05  33.4   2.20   5.9  39.31  75.3   9.94   7.9
RES GLU C  70    23.36  13.6   7.24   5.4  16.13  43.0   0.28   0.5  23.08  20.6
RES LYS C  71   149.86  74.6 117.62  72.0  32.24  86.0  71.53  61.4  78.33  93.0
RES PHE C  72   188.71  94.6 153.68  93.6  35.03  99.0 156.62  94.8  32.09  93.8
RES GLY C  73    38.83  48.5  33.22 102.7   5.62  11.8  38.10 101.5   0.74   1.7
RES GLY C  74    48.48  60.5  22.39  69.3  26.09  54.6  24.67  65.7  23.81  56.0
RES LEU C  75    19.42  10.9   2.20   1.6  17.22  45.9   2.97   2.1  16.46  45.3
RES ARG C  76   192.42  80.6 189.77  94.3   2.65   7.1  78.94 101.5 113.47  70.5
RES ASP C  77    96.02  68.4  91.42  89.0   4.59  12.2  30.11  61.2  65.91  72.3
RES GLY C  78    32.00  39.9  21.82  67.5  10.18  21.3  21.82  58.1  10.18  23.9
RES TYR C  79     3.47   1.6   2.43   1.4   1.04   2.9   2.43   1.8   1.04   1.4
RES TYR C  80     4.13   1.9   4.13   2.3   0.00   0.0   4.08   3.0   0.06   0.1
RES ILE C  81    84.13  48.0  83.43  60.5   0.70   1.9  83.43  60.0   0.70   1.9
RES GLN C  82   135.08  75.7 126.94  90.0   8.14  21.7  49.30  94.4  85.77  67.9
RES ALA C  83     7.10   6.6   0.00   0.0   7.10  18.4   0.00   0.0   7.10  19.4
RES GLN C  84    73.74  41.3  72.27  51.3   1.47   3.9  27.17  52.0  46.57  36.9
RES CYS C  85     0.00   0.0   0.00   0.0   0.00   0.0   0.00   0.0   0.00   0.0
RES ALA C  86     0.00   0.0   0.00   0.0   0.00   0.0   0.00   0.0   0.00   0.0
RES ILE C  87     0.15   0.1   0.15   0.1   0.00   0.0   0.15   0.1   0.00   0.0
RES ILE C  88     1.66   0.9   1.66   1.2   0.00   0.0   1.66   1.2   0.00   0.0
RES MET C  89     0.98   0.5   0.00   0.0   0.98   2.6   0.00   0.0   0.98   2.7
RES PHE C  90     0.00   0.0   0.00   0.0   0.00   0.0   0.00   0.0   0.00   0.0
RES ASP C  91    10.61   7.6  10.61  10.3   0.00   0.0   0.26   0.5  10.36  11.4
RES VAL C  92     0.00   0.0   0.00   0.0   0.00   0.0   0.00   0.0   0.00   0.0
RES THR C  93    36.80  26.4  23.05  22.7  13.75  36.6  14.26  18.8  22.54  35.5
RES SER C  94    33.59  28.8  33.59  43.0   0.00   0.0  28.58  58.9   5.00   7.4
RES ARG C  95   116.83  48.9 114.57  56.9   2.26   6.0  47.29  60.8  69.53  43.2
RES VAL C  96    93.63  61.8  91.04  79.7   2.60   7.0  91.04  78.8   2.60   7.2
RES THR C  97    12.11   8.7  11.27  11.1   0.84   2.2  11.27  14.9   0.84   1.3
RES TYR C  98    34.52  16.2  32.62  18.4   1.90   5.4  28.05  20.5   6.47   8.5
RES LYS C  99   131.77  65.6 117.04  71.7  14.73  39.3  99.23  85.1  32.54  38.6
RES ASN C 100    42.13  29.3  42.13  39.7   0.00   0.0   7.45  16.1  34.68  35.5
RES VAL C 101    19.34  12.8  19.34  16.9   0.00   0.0  19.34  16.7   0.00   0.0
RES PRO C 102    81.91  60.2  78.66  65.6   3.25  20.0  79.66  65.9   2.25  14.8
RES ASN C 103    65.07  45.2  65.07  61.2   0.00   0.0  15.29  33.1  49.78  50.9
RES TRP C 104    18.47   7.4  18.47   8.7   0.00   0.0  15.57   8.2   2.90   4.9
RES HIS C 105    55.91  30.6  55.91  38.0   0.00   0.0  27.03  27.8  28.89  33.7
RES ARG C 106   129.48  54.2 125.79  62.5   3.69   9.8  72.35  93.0  57.14  35.5
RES ASP C 107    26.63  19.0  24.65  24.0   1.98   5.2   5.43  11.0  21.20  23.3
RES LEU C 108     0.00   0.0   0.00   0.0   0.00   0.0   0.00   0.0   0.00   0.0
RES VAL C 109    54.51  36.0  49.52  43.3   4.98  13.4  49.75  43.1   4.76  13.2
RES ARG C 110   158.37  66.3 129.85  64.5  28.52  76.0  81.08 104.2  77.29  48.0
RES VAL C 111    51.89  34.3  23.86  20.9  28.03  75.4  25.21  21.8  26.68  74.2
RES CYS C 112    11.89   8.9  11.64  12.0   0.25   0.7  11.66  11.9   0.23   0.6
RES GLU C 113   145.67  84.6 128.43  95.3  17.24  46.0  54.95  91.1  90.72  81.0
RES ASN C 114   127.32  88.5 117.46 110.6   9.86  26.1  41.30  89.3  86.01  88.0
RES ILE C 115    18.28  10.4  15.22  11.0   3.06   8.2  15.22  10.9   3.06   8.5
RES PRO C 116    14.14  10.4  14.14  11.8   0.00   0.0  14.14  11.7   0.00   0.0
RES ILE C 117     6.26   3.6   6.26   4.5   0.00   0.0   6.26   4.5   0.00   0.0
RES VAL C 118     0.00   0.0   0.00   0.0   0.00   0.0   0.00   0.0   0.00   0.0
RES LEU C 119    15.64   8.8  15.64  11.1   0.00   0.0  15.64  11.0   0.00   0.0
RES CYS C 120     0.00   0.0   0.00   0.0   0.00   0.0   0.00   0.0   0.00   0.0
RES GLY C 121     0.00   0.0   0.00   0.0   0.00   0.0   0.00   0.0   0.00   0.0
RES ASN C 122     3.67   2.5   3.67   3.5   0.00   0.0   0.03   0.1   3.64   3.7
RES LYS C 123    55.23  27.5  55.23  33.8   0.00   0.0  30.01  25.7  25.23  29.9
RES VAL C 124     0.28   0.2   0.28   0.2   0.00   0.0   0.28   0.2   0.00   0.0
RES ASP C 125    30.05  21.4  14.17  13.8  15.88  42.1   2.19   4.5  27.86  30.6
RES ILE C 126    78.34  44.7  78.17  56.7   0.18   0.5  78.17  56.2   0.18   0.5
RES LYS C 127   134.49  67.0 119.29  73.1  15.19  40.5 103.25  88.6  31.24  37.1
RES ASP C 128    96.74  68.9  92.51  90.1   4.22  11.2  46.18  93.8  50.56  55.5
RES ARG C 129    19.20   8.0   6.72   3.3  12.48  33.3   5.60   7.2  13.60   8.4
RES LYS C 130    81.76  40.7  73.99  45.3   7.77  20.7  61.90  53.1  19.87  23.6
RES VAL C 131     0.06   0.0   0.06   0.1   0.00   0.0   0.06   0.1   0.00   0.0
RES LYS C 132   107.86  53.7 107.16  65.6   0.70   1.9  62.05  53.2  45.81  54.4
RES ALA C 133    12.24  11.3   9.31  13.4   2.93   7.6  10.39  14.6   1.85   5.1
RES LYS C 134   184.21  91.7 164.41 100.7  19.80  52.8 116.31  99.8  67.90  80.6
RES SER C 135    48.67  41.8  45.23  57.9   3.43   8.9  30.61  63.0  18.06  26.6
RES ILE C 136     5.43   3.1   0.84   0.6   4.58  12.3   0.84   0.6   4.58  12.7
RES VAL C 137    28.66  18.9  17.31  15.1  11.35  30.6  17.61  15.3  11.05  30.7
RES PHE C 138   151.14  75.8 129.17  78.7  21.97  62.1 130.45  78.9  20.69  60.4
RES HIS C 139   165.35  90.4 155.93 106.0   9.43  26.3 111.55 114.8  53.81  62.8
RES ARG C 140    98.11  41.1  64.21  31.9  33.90  90.4  32.58  41.9  65.53  40.7
RES LYS C 141    81.33  40.5  69.46  42.5  11.88  31.7  69.46  59.6  11.88  14.1
RES LYS C 142   108.89  54.2 100.76  61.7   8.13  21.7 101.60  87.2   7.29   8.7
RES ASN C 143    64.67  44.9  63.45  59.7   1.22   3.2  14.21  30.7  50.46  51.6
RES LEU C 144    23.37  13.1  22.61  16.0   0.76   2.0  23.12  16.2   0.24   0.7
RES GLN C 145    43.48  24.4  43.48  30.8   0.00   0.0   8.78  16.8  34.70  27.5
RES TYR C 146     4.93   2.3   1.25   0.7   3.67  10.4   1.25   0.9   3.67   4.8
RES TYR C 147    40.79  19.2  40.79  23.0   0.00   0.0  28.19  20.7  12.60  16.5
RES ASP C 148     4.46   3.2   3.89   3.8   0.57   1.5   1.99   4.0   2.47   2.7
RES ILE C 149     0.62   0.4   0.62   0.4   0.00   0.0   0.62   0.4   0.00   0.0
RES SER C 150     0.66   0.6   0.00   0.0   0.66   1.7   0.22   0.4   0.44   0.6
RES ALA C 151     5.68   5.3   4.24   6.1   1.44   3.7   4.24   5.9   1.44   3.9
RES LYS C 152    88.78  44.2  87.44  53.5   1.34   3.6  49.11  42.1  39.67  47.1
RES SER C 153    11.57   9.9   1.39   1.8  10.19  26.5   1.39   2.9  10.19  15.0
RES ASN C 154    29.60  20.6  18.10  17.0  11.50  30.5  12.87  27.8  16.73  17.1
RES TYR C 155    28.47  13.4  27.54  15.5   0.93   2.6  25.83  18.9   2.63   3.5
RES ASN C 156    21.72  15.1  16.80  15.8   4.92  13.0   0.33   0.7  21.39  21.9
RES PHE C 157     5.01   2.5   4.35   2.7   0.66   1.9   4.35   2.6   0.66   1.9
RES GLU C 158    31.84  18.5  31.84  23.6   0.00   0.0   6.73  11.2  25.12  22.4
RES LYS C 159    69.37  34.5  68.56  42.0   0.81   2.2  51.12  43.9  18.25  21.7
RES PRO C 160     0.00   0.0   0.00   0.0   0.00   0.0   0.00   0.0   0.00   0.0
RES PHE C 161     0.02   0.0   0.02   0.0   0.00   0.0   0.02   0.0   0.00   0.0
RES LEU C 162    29.31  16.4  29.31  20.8   0.00   0.0  29.31  20.6   0.00   0.0
RES TRP C 163    29.15  11.7  27.85  13.2   1.30   3.4  19.21  10.1   9.93  16.6
RES LEU C 164     0.00   0.0   0.00   0.0   0.00   0.0   0.00   0.0   0.00   0.0
RES ALA C 165     0.28   0.3   0.28   0.4   0.00   0.0   0.28   0.4   0.00   0.0
RES ARG C 166    69.22  29.0  66.88  33.2   2.34   6.2  17.41  22.4  51.81  32.2
RES LYS C 167    90.92  45.3  69.91  42.8  21.00  56.0  41.58  35.7  49.34  58.6
RES LEU C 168    42.14  23.6  18.30  13.0  23.84  63.6  18.35  12.9  23.79  65.5
RES ILE C 169    56.96  32.5  29.98  21.7  26.98  72.6  30.95  22.2  26.01  72.3
RES GLY C 170    64.46  80.5  30.32  93.8  34.14  71.5  33.83  90.1  30.63  72.0
RES ASP C 171    19.89  14.2  19.05  18.6   0.84   2.2   8.09  16.4  11.80  12.9
RES PRO C 172   101.92  74.9  90.39  75.4  11.53  71.0  90.41  74.8  11.51  75.8
RES ASN C 173   110.00  76.4 107.08 100.8   2.92   7.7  32.10  69.4  77.90  79.7
RES LEU C 174     0.00   0.0   0.00   0.0   0.00   0.0   0.00   0.0   0.00   0.0
RES GLU C 175    86.51  50.2  86.51  64.2   0.00   0.0  38.03  63.1  48.49  43.3
RES PHE C 176    35.82  18.0  12.38   7.5  23.44  66.3  12.38   7.5  23.44  68.5
RES VAL C 177   101.80  67.2  71.37  62.5  30.43  81.9  71.96  62.3  29.84  83.0
RES ALA C 178    49.56  45.9  47.37  68.2   2.19   5.7  48.70  68.2   0.86   2.3
RES MET C 179   113.44  58.4  87.24  55.7  26.20  69.9  88.27  55.9  25.17  69.3
RES PRO C 180    20.08  14.7  16.78  14.0   3.29  20.3  16.78  13.9   3.29  21.7
RES ALA C 181    73.01  67.6  63.22  91.1   9.79  25.4  63.22  88.6   9.79  26.8
RES LEU C 182    34.31  19.2  15.02  10.6  19.29  51.4  15.02  10.6  19.29  53.1
RES ALA C 183    16.98  15.7  16.98  24.5   0.00   0.0  16.98  23.8   0.00   0.0
RES PRO C 184    99.35  73.0  96.43  80.4   2.92  18.0  96.43  79.7   2.92  19.2
RES PRO C 185    85.23  62.6  64.61  53.9  20.63 127.1  65.05  53.8  20.19 132.9
RES GLU C 186   115.99  67.3  81.48  60.5  34.51  92.0  47.94  79.5  68.05  60.8
RES VAL C 187    62.17  41.1  58.18  50.9   3.99  10.7  61.85  53.6   0.32   0.9
RES VAL C 188   124.46  82.2 116.75 102.2   7.72  20.8 116.75 101.1   7.72  21.4
RES MET C 189    25.36  13.1  12.72   8.1  12.64  33.7  12.72   8.1  12.64  34.8
RES ASP C 190    51.25  36.5  49.95  48.6   1.30   3.5  18.46  37.5  32.79  36.0
RES PRO C 191   102.32  75.2  93.02  77.6   9.30  57.3  94.97  78.5   7.35  48.4
RES ALA C 192    76.53  70.9  67.26  96.9   9.27  24.1  68.85  96.4   7.69  21.0
RES LEU C 193    27.10  15.2  26.79  19.0   0.31   0.8  26.79  18.8   0.31   0.8
RES ALA C 194     9.88   9.2   9.88  14.2   0.00   0.0   9.88  13.8   0.00   0.0
RES ALA C 195    52.20  48.4  46.57  67.1   5.63  14.6  48.16  67.5   4.04  11.0
RES GLN C 196    86.33  48.4  85.18  60.4   1.15   3.1  41.39  79.3  44.94  35.6
RES TYR C 197    16.72   7.9  16.56   9.3   0.16   0.4  12.61   9.2   4.11   5.4
RES GLU C 198    90.31  52.4  78.63  58.4  11.68  31.1  46.09  76.4  44.22  39.5
RES HIS C 199   119.68  65.4 118.06  80.3   1.62   4.5  74.73  76.9  44.95  52.4
RES ASP C 200    57.94  41.3  46.45  45.2  11.49  30.5  14.43  29.3  43.52  47.7
RES LEU C 201    59.03  33.0  33.07  23.4  25.95  69.2  36.56  25.7  22.47  61.9
RES GLU C 202   108.36  62.9  90.93  67.5  17.43  46.5  91.49 151.7  16.87  15.1
RES VAL C 203   140.39  92.7  80.38  70.3  60.00 161.5 105.63  91.5  34.76  96.6
END  Absolute sums over single chains surface 
CHAIN  1 C     9862.7       8432.2       1430.5       6116.7       3746.0
END  Absolute sums over all chains 
TOTAL          9862.7       8432.2       1430.5       6116.7       3746.0
